0,56
0,320
0,55
0,319
28,3
30,3
25,3
0,54
0,318
27,3
0,53
0,317
0,52
0,316
0,51
0,315
0,1
0,11
30,1
30,0
28,1
28,0
27,2
25,6
25,5
25,4
4,3
4,1
4,0
0,243
16,1
16,3
16,0
1,1
1,3
1,0
2,1
2,3
2,0
27,1
27,0
25,1
25,0
0,9
0,310
0,305
0,308
0,304
0,303
0,302
0,307
0,12
0,10
0,8
0,0
0,300
0,299
0,298
0,297
0,296
0,295
0,294
0,293
0,292
0,291
0,290
0,289
0,288
0,287
0,286
0,285
0,284
0,283
0,282
0,410
0,281
0,409
0,280
0,407
0,279
0,406
0,278
0,405
0,277
0,276
0,275
0,274
0,273
0,272
0,271
0,270
0,269
0,403
0,268
0,402
0,267
0,404
0,266
0,401
0,265
0,400
0,264
0,399
0,263
0,398
0,262
0,397
0,261
0,396
0,260
0,395
0,259
0,394
0,258
0,393
0,257
0,392
0,256
0,391
0,255
0,390
0,254
0,372
0,253
0,389
